1596.5517 -8.6624 3.9676 -3.5758 8.7550 -3.2225 405.8166 13.0731 5.5949 7.5664 -80.2098 -4.3986 -0.2720 2.2871 -4.1924 10.2550 0.6808 6.7525 12.2768 15.1802 5.2380 12.1980 29.9988 -0.1732 -2.6332 -22.1887 0.0000 -7.9567 -4.7697 -75.1252 | 11.6771
-125.9325 -9074.5455 2.5156 0.8585 -89.3561 -8.4425 7.4908 -1.0712 2.0536 5.4267 -3273.3824 2.2945 1.0506 3.2117 -8.1580 5.9993 -11.0875 -9.1330 -0.1419 -6.1534 23.0076 -28.7496 -3.9005 -10.4156 23.1154 -0.8252 6.7288 -14.7274 10.1588 3.1901 | -0.1970
-9.9120 11.6173 -10131.0526 150.7456 -16.1038 -49.4669 -13.4593 65.6318 -3.1311 -0.0548 -7.4306 4.8916 6.8977 -3.2066 0.3581 26.3711 4.6934 -9.4868 13.0074 0.8760 -8.2874 -3.6818 -5.2086 -5.4264 -4.8286 33.8626 6.3951 1.1652 -10.1750 27.1224 | 2.3842
-26.4603 0.0811 1.7497 -2648.1373 2.1694 1402.3000 -4.4234 -40.6420 6.4872 35.5867 2.9756 -3.3333 18.7051 -1.4262 -23.9541 -3.6888 3.1379 -5.4154 -19.3854 -14.4326 -6.8968 -2.7107 -1.3711 3.0690 2.2011 -0.6137 2.2180 -12.9720 9.1343 51.7363 | 3.9134
-14.4955 27.8379 6.6398 20.8176 -2119.9123 1.2087 9.9909 -13.1513 4.9551 38.8620 -5.1269 -25.8593 -18.3778 1183.9877 -9.1114 3.2685 -30.3359 -14.1707 3.8544 -7.7778 44.5911 -8.6376 9.1240 -1.3776 -8.4457 -5.4165 -6.1429 -8.9996 9.3058 -11.2561 | -2.8940
-1.4921 -14.1515 389.9526 12.2326 7.8823 -2528.3146 227.3750 -11.1304 -20.0163 -3.9283 -13.2092 346.7149 2.8558 5.8430 -4.6543 59.0431 8.9787 -128.1643 0.4433 -2.0888 -0.1922 5.4068 4.4415 9.1930 -0.3539 -4.6805 10.8916 -4.8618 -8.4019 -7.9230 | 5.2185
-2.8452 5.2626 13.7955 8.9563 1.2939 -7.4766 -5013.3333 -8.9091 -75.2780 90.0715 36.2005 -2.9806 -3.0220 4.9570 8.3576 -0.1264 224.7805 8.8549 -1.1586 27.2632 2.1019 1.4458 -375.0826 12.0234 67.1102 -2.4162 -5.0384 -5.0527 2.3136 9.3020 | 22.1936
-5.3187 6.5469 -9.4492 -18.7835 -8.3492 -0.9308 1.0182 -523.9860 32.1366 -0.1213 -1.7164 -0.4963 -43.4849 -5.3268 -44.7235 1.7277 123.7988 -12.6949 0.1227 5.7055 4.1227 -7.3298 2.3040 -1.7781 0.8509 -7.1943 3.3663 -2.7750 11.7155 -9.1613 | -4.1039
18.0221 21.4477 -22.1922 21.9599 18.5816 -6.9535 -11.3893 -18.4448 -1558.4615 -18.2571 -17.8162 10.7656 -0.9454 -340.0599 -3.1561 5.2636 -6.4947 -5.9056 -5.1922 9.8483 -8.2267 4.8604 6.1041 -11.3624 -3.4862 90.1944 -22.9378 2.5181 -0.3641 2.5912 | -4.7467
7.2790 6.4271 -1.2222 14.0419 -1.1733 -10.3316 10.6977 9.8978 2.1388 -219.7321 0.5357 2.8719 -5.9307 29.3450 0.3306 43.3667 -0.5386 -4.5416 -0.8458 -4.1204 8.2448 -0.4139 -3.8464 -7.1927 7.4681 9.5230 2.6621 -5.4526 -2.7645 -3.8675 | -1.3501
-5.5927 1.6016 -3.1643 0.7194 18.3133 5.9572 738.7037 -5.3006 19.4537 -63.3997 2176.4286 -8.3808 5.2455 3.1691 1.9203 -5.9794 -0.4349 -19.0864 6.7067 -1.3425 -4.9691 -3.8756 1.2302 18.0876 28.2351 -11.4900 -0.4335 -99.1483 -3.2890 2.0445 | -0.8618
-8.8479 7.4536 -9.6942 -4.6978 1.3537 -26.3314 8.1074 14.6670 4.5541 0.3865 -2.7152 -807.7603 2.5302 45.3199 25.8471 -0.3642 31.8778 0.3056 148.1057 19.6796 -7.0356 -8.3110 7.4657 -8.0869 -5.2855 -8.2045 5.6326 7.7510 7.3039 -5.3638 | 8.2774
-0.9798 -7.9923 -21.2186 7.9341 3.6276 3.5051 3.1196 -0.6646 14.2184 -1.6183 -13.9780 -0.6341 -4057.2222 6.0342 17.0676 0.4946 7.3718 -2.2873 -0.5707 -3.1359 2.5319 0.7942 0.7083 5.9681 24.4874 -16.5175 -5.7970 -77.7587 12.9945 -5.7125 | -2.6925
-14.4506 -28.2915 0.0522 6.4805 2.9142 -19.8329 0.0635 11.1181 -1.0952 -19.7052 12.8346 -13.7236 -1.3143 1158.7805 12.4015 -13.9418 57.7112 3.4664 0.5873 2.4582 0.9829 5.4890 -8.0960 -3.3390 1.7483 -18.6816 1.6673 49.0034 308.0849 -2.9885 | 1.6203
-3.5564 23.3028 -6.9846 11.3049 0.6164 -2.1756 56.2426 -18.4735 -8.0059 784.3307 -5.5848 1.6944 24.7696 -46.8170 9513.3333 1.4039 -2.9794 0.6694 -11.0507 -1.4550 1.5123 0.9019 -4.1291 0.1908 0.6387 -2.8037 11.0518 -1.8977 -556.5789 -2.5260 | 2.9882
-24.9155 10.2658 57.7203 6.0232 -66.6351 4.6363 -2.9586 -6.5195 -1.1222 -10.0775 -20.9660 8.3254 9.7286 -1.5197 -1.0035 524.6652 -10.5557 -0.0294 -4.9503 7.3135 3.4746 -10.1669 -9.8744 -10.1741 -5.8269 7.8840 3.8541 -4.1464 8.8520 8.8584 | 10.2898
-0.5650 3.2753 1.4339 -6.9180 2.0615 -7.4613 6.8890 -2.2635 -3.1874 2.2033 3.7297 6.2748 -7.2626 6.0663 114.7105 7.3590 510.9112 -23.9105 -7.7346 -13.4057 6.2532 18.7463 -14.4056 -6.3487 14.9063 -2.4349 3.1067 9.6594 -39.5837 6.6333 | 5.4423
0.4945 45.6000 10.3047 5.1317 -51.7964 -4.9604 4.5067 0.2210 3.1144 38.4377 22.2722 17.0227 -4.7882 -16.4793 21.2344 -21.0937 -8.8332 3604.7761 -0.6390 -3.4019 16.7111 19.9042 3.5934 -10.4311 -24.3528 -8.2938 -2.7266 3.2821 0.4373 1.6585 | -7.6107
-4.6002 9.2226 5.2290 3.1876 -7.5396 -65.9808 -4.5397 -0.5866 -4.4597 1.6586 -11.7630 -0.7084 -6.3653 -3.4273 3.2414 -5.7374 -594.3094 2.8577 3644.8387 -0.3349 -3.0299 24.2726 2.6878 3.4027 11.4139 -29.4921 -9.8033 -2.7311 5.5017 -6.5475 | -15.1752
-3.0408 -4.6272 -4.9928 -1.6817 -28.8337 -6.5955 -47.7273 81.7891 -43.2774 -22.3375 -7.1145 -17.7632 -45.8087 5.2242 -73.5816 0.1436 6.5230 1.1577 -3.4853 1753.7838 3.7797 -13.3775 -32.9213 21.5103 0.8712 0.6026 30.1937 12.5573 0.0215 6.9162 | -3.4348
7.2427 2.4880 25.1786 -1.8129 -5.0894 2.7693 -6.7106 -0.2750 -12.2620 -3.9798 -2.3533 -66.5412 -5.1398 -5.0084 -6.9421 18.8606 11.4268 -18.4599 -240.1920 138.9770 -4804.3478 14.7629 8.9462 13.8344 48.4421 2.3390 3.6501 -22.3224 9.6571 23.5492 | 13.7891
-4.3211 -15.2683 -50.6453 -6.8745 -4.6013 4.9417 3.9795 -61.3688 1.4290 4.9859 14.3354 -3.3934 6.8043 11.0116 7.1296 6.8503 2.1036 8.7479 3.5746 -0.8275 21.4140 -1801.1111 3.1680 1.3004 -4.7211 -10.2214 1.4084 -25.9052 -40.2540 -81.0448 | -7.6999
-15.5651 14.7349 7.9847 -3.7139 39.7714 2.2502 5.0104 -5.9255 21.4626 9.5498 -5.8977 -12.7238 14.7468 2.6876 5.9172 34.4384 -3.7131 5.3398 1.6116 -11.4963 -1.1671 18.0685 -2394.1975 7.8289 0.1155 -65.5235 3.2393 384.9853 -7.3790 16.2391 | 2.9463
-9.0864 -14.9020 5.8080 0.1291 -3.5174 3.8405 162.6372 -0.9699 5.6842 4.0381 5.0515 1.2655 -3.1958 -13.9880 -16.1550 -19.7936 -10.2805 8.2391 -2.5301 3.4310 3.2710 19.2842 -6.1501 687.9221 -4.0489 -5.7501 -7.0709 -9.9063 -12.5728 78.1453 | -0.9898
-3.3129 -10.0663 1.7284 -0.6517 10.2555 -5.1362 -3.0694 -5.8413 -18.1310 -10.7896 39.0419 -39.1645 -13.8367 -93.2796 8.4399 -11.5566 0.6777 3.1248 -8.8853 8.8386 59.8715 -0.4527 0.7599 33.8038 -3667.7143 4.5296 3.4907 -27.5152 -8.0269 -0.0319 | -11.7930
0.3958 4.0738 0.3963 -9.7272 4.6450 -5.0000 -5.2920 0.7049 -19.1451 10.7315 -0.4287 0.8140 50.6270 8.3964 0.5405 1.8508 -0.3954 0.5208 -23.0578 3.8382 5.1925 -6.3163 -9.6118 -9.8440 -2.4401 387.3913 -4.4074 -0.5663 2.9363 -1.6586 | -2.8407
71.8486 4.4251 0.4655 -1.5187 65.3759 20.3314 -6.4628 -14.2757 -6.0883 -2.1756 47.3090 -3.4691 20.9189 -5.3596 -65.1885 -12.7882 -16.7395 -0.6730 -0.2582 3.7374 -53.8641 -11.1724 2.9135 3.2541 7.1814 -6.7136 630.5018 -8.1458 13.5944 11.7164 | 2.7056
-58.0444 -2.2411 2.0995 -4.7951 -11.6689 2.6728 -12.0172 -62.9515 4.2054 2.2396 1.8125 17.1044 7.9455 -3.9170 -0.0743 -12.1958 -1.1087 -5.0283 6.7720 24.2266 2.3462 -0.9055 5.6783 -39.4252 8.5958 -1.3228 -7.0857 529.1085 4.0156 -3.7394 | 1.9769
32.0030 3.1348 -5.5119 -24.6591 80.3186 -15.2805 -2.6729 -20.4688 2.0385 24.3820 79.6247 -2.4958 2.4380 -43.6033 10.0709 4.1558 -43.3299 47.4532 7.4253 -10.3488 -16.6119 18.3523 9.4691 15.5338 -4.9566 -2.4676 -5.8414 -30.5051 -843.7500 -1.5951 | -5.5471
-3.9897 -12.2855 -3.0013 11.1555 24.0440 -7.1118 6.6532 -4.0146 2.5155 -5.5811 0.6775 -17.4087 2.0682 -7.1058 5.5123 7.3511 2.6453 -4.4172 5.1915 -23.9984 -3.9156 6.0383 6.7350 3.3320 -1.5537 9.2194 14.0941 0.7821 -8.5550 349.8123 | -29.6391
